750
1 
28 
871 872 
94 95 
285 288 
474 475 
114 115 
808 810 
179 
191 195 
861 862 
71 72 
118 119 
0 2 
62 
576 
229 
138 143 
387 
17 
76 79 
92 
31 32 
151 152 
125 
409 410 
359 363 
131 133 
564 566 
825 828 
500 
286 
78 
200 204 
259 262 
368 371 
386 388 
129 130 
99 101 
163 165 
10 12 
156 157 
343 344 
153 155 
231 234 
161 162 
438 443 
281 
335 336 
660 661 
401 402 
91 93 
832 833 
390 392 
214 215 
681 683 
375 376 
364 
956 957 
403 405 
49 51 
816 817 
126 128 
89 
266 269 
735 737 
407 408 
226 227 
105 108 
947 949 
339 341 
459 461 
206 207 
238 242 
198 199 
173 175 
330 331 
394 395 
620 622 
6 8 
481 482 
788 789 
982 984 
134 137 
382 383 
46 47 
675 676 
243 244 
15 18 
147 150 
536 
34 
20 26 
581 582 
197 
60 
651 653 
139 
550 
187 
774 781 
83 
249 250 
716 717 
800 801 
73 
633 634 
43 
168 169 
40 44 
993 995 
740 744 
451 
745 
98 
140 
662 664 
205 
289 290 
496 498 
103 
294 
517 518 
273 280 
415 417 
457 
96 97 
973 974 
436 
196 
834 835 
180 182 
413 414 
416 
123 124 
189 
372 373 
466 469 
818 824 
483 
154 
572 573 
840 841 
66 67 
256 257 
27 30 
937 940 
297 304 
183 185 
38 
208 
645 
149 
59 61 
228 
246 248 
337 338 
102 104 
320 
609 612 
272 
301 
324 327 
116 117 
812 
629 
543 544 
422 424 
510 511 
11 
298 
19 
391 
241 
329 
347 
521 522 
310 318 
539 
406 
446 
490 492 
211 
87 
223 224 
484 487 
857 858 
464 465 
470 471 
144 146 
677 
268 
435 
615 617 
54 55 
275 
109 
820 
181 
22 
775 
441 
894 897 
501 503 
584 
684 685 
236 237 
412 
291 295 
171 172 
80 82 
771 
560 
216 
476 478 
45 
793 794 
353 355 
815 
254 
277 
361 
635 636 
936 
813 814 
311 
447 449 
313 
472 
86 88 
365 366 
358 
233 
455 458 
873 876 
367 
302 
505 
63 
759 760 
352 
583 585 
494 495 
113 
516 
4 
314 
90 
84 85 
975 
705 709 
506 
334 
356 
933 
370 
23 
567 
596 
485 
345 350 
545 547 
879 881 
377 
374 
48 
595 598 
247 
255 
695 696 
378 
428 432 
628 630 
423 
756 
523 524 
497 
568 571 
381 
848 
397 
623 
502 
468 
158 160 
351 
491 
319 
25 
528 529 
668 670 
912 915 
579 580 
452 454 
512 513 
553 558 
562 563 
202 
599 600 
718 
398 399 
166 
434 437 
5 
52 53 
846 847 
287 
606 
13 
795 796 
328 
393 
225 
714 715 
688 
258 
508 
210 
245 
148 
777 
209 
720 721 
811 
488 
736 
316 
637 643 
251 
663 
480 
604 
577 578 
159 
270 271 
723 
499 
532 
710 711 
569 
985 988 
362 
404 
546 
203 
627 
618 619 
450 
81 
462 
607 608 
837 838 
929 930 
534 535 
188 190 
712 
594 
830 
267 
692 
765 769 
610 
50 
479 
559 
531 
507 
430 
333 
504 
728 
533 
742 
951 
570 
509 
557 
644 
309 
325 
638 
706 
836 
514 
222 
869 
977 979 
530 
520 
867 
605 
964 
591 
537 542 
145 
768 
726 731 
725 
907 
551 
348 
439 
923 
932 934 
624 625 
853 856 
850 
899 
890 
493 
631 632 
945 946 
75 
616 
525 527 
299 
276 
42 
753 758 
906 
164 
561 
647 
442 
646 
588 
997 
864 
575 
802 
589 590 
821 
891 892 
701 703 
671 
776 
655 
941 943 
369 
952 953 
444 445 
648 
702 
888 
263 264 
642 
192 
565 
732 
657 659 
64 65 
626 
893 
884 885 
665 666 
305 
805 806 
400 
613 
727 
463 
751 752 
935 
554 
641 
967 968 
880 
922 
729 
746 
170 
35 
460 
654 
549 
489 
910 911 
799 
167 
601 603 
754 
926 
958 960 
961 965 
193 
770 773 
916 918 
994 
141 
421 
555 
762 763 
219 
278 
296 
68 69 
274 
682 
667 
904 909 
673 674 
924 
261 
686 689 
672 
708 
886 
697 698 
851 
687 
74 
100 
826 
384 385 
719 
440 
178 
279 
704 
174 
456 
70 
265 
823 
844 
420 
240 
749 750 
900 
418 419 
218 221 
315 
332 
778 
340 
739 
36 37 
235 
519 
761 
797 798 
306 307 
77 
321 322 
597 
738 
996 999 
741 
611 
346 
724 
887 
56 
755 
184 
217 
127 
764 
803 
866 868 
860 
21 
33 
477 
831 
766 
784 
849 
656 
743 
323 
614 
7 
963 
779 
772 
733 
230 
283 
791 
429 
132 
112 
767 
260 
877 
804 
707 
786 
713 
822 
142 
790 
14 
807 
574 
431 
556 
839 
220 
602 
29 
730 
649 
734 
9 
902 903 
962 
548 552 
194 
467 
541 
942 
819 
679 
592 
473 
360 
785 
898 901 
908 
950 
889 
120 
292 
177 
845 
757 
186 
426 427 
870 
852 
878 
829 
827 
300 
699 700 
526 
939 
859 
722 
978 
971 
865 
669 
411 
863 
232 
593 
110 
293 
875 
874 
843 
966 
3 
650 
680 
396 
780 
658 
691 
252 253 
855 
312 
357 
792 
931 
905 
107 
913 
882 883 
896 
919 920 
639 
136 
917 
693 
747 
678 
621 
284 
342 
39 
586 587 
354 
954 
540 
842 
986 
948 
987 
925 
927 928 
787 
16 
135 
944 
895 
921 
809 
380 
122 
538 
640 
652 
349 
41 
433 
748 
938 
694 
57 58 
970 
282 
303 
379 
854 
448 
914 
959 
515 
176 
782 783 
990 991 
992 
201 
121 
308 
24 
972 
998 
969 
980 981 
389 
239 
111 
317 
486 
690 
976 
955 
989 
106 
983 
212 
213 
453 
326 
425 
